41 0.432129 0.285645 0.071289 0.098633
42 0.500488 0.287598 0.073242 0.096680
31 0.376953 0.296875 0.087891 0.097656
43 0.551270 0.314941 0.073242 0.086914
32 0.335938 0.330078 0.082031 0.089844
44 0.596191 0.376465 0.077148 0.086914
33 0.310547 0.380859 0.087891 0.083984
45 0.642578 0.431152 0.087891 0.084961
34 0.293457 0.455078 0.088867 0.083984
46 0.700195 0.490723 0.117188 0.122070
35 0.299805 0.530762 0.091797 0.079102
47 0.770996 0.577148 0.125977 0.126953
36 0.281250 0.625000 0.111328 0.125000
37 0.289551 0.742188 0.122070 0.134766
